Poisson Simulation 1:
2
3
3
2
6
4
2
3
1
4
2
1
1
5
5
4
1
4
6
5
3
1
3
2
3
1
4
2
2
3
1
6
4
1
4
3
3
0
1
2
0
2
1
2
8
2
2
5
2
4
3
0
1
4
4
3
2
4
3
5
2
1
5
1
4
5
1
4
4
2
8
3
6
2
1
3
4
1
3
0
3
5
2
3
3
2
3
4
4
8
6
5
2
3
2
4
4
2
4
1
Average of Sim 1: 3.0

Poisson Simulation 2:
3
5
1
3
3
4
5
1
1
6
1
3
4
3
4
2
3
5
5
4
5
4
1
2
3
1
3
5
3
2
2
0
2
5
2
3
3
3
2
3
4
4
2
4
1
2
1
4
3
1
3
1
2
2
1
2
3
5
2
4
7
3
1
3
5
3
2
2
1
3
2
4
4
2
2
4
4
4
1
0
5
2
3
2
5
7
3
0
3
4
4
1
1
5
1
2
4
3
4
7
Average of Sim 2: 2.94

Poisson Simulation 3:
4
4
3
2
0
4
3
8
2
1
2
4
2
2
2
1
3
0
3
7
2
2
5
2
2
3
5
2
4
0
4
4
3
1
4
3
3
2
2
6
1
4
4
1
1
0
4
2
3
2
3
4
2
4
5
4
2
1
0
3
3
3
4
2
4
3
2
3
1
2
2
4
5
6
4
2
2
2
2
3
2
3
4
4
5
4
0
2
5
2
4
7
4
4
4
0
2
2
0
6
Average of Sim 3: 2.89

Poisson Simulation 4:
2
2
3
2
1
3
4
2
1
1
1
1
3
3
3
1
3
1
3
3
2
3
9
1
2
4
2
0
1
3
1
5
0
2
4
4
4
4
2
4
5
3
5
2
1
4
5
3
1
1
6
3
1
2
2
4
6
2
5
2
2
5
5
2
1
4
4
3
5
4
3
1
2
6
4
3
2
5
3
1
2
0
5
4
3
2
5
0
2
1
3
6
3
1
3
2
2
1
4
1
Average of Sim 4: 2.78

Poisson Simulation 5:
4
4
1
3
3
2
1
3
2
3
4
4
4
4
5
3
4
4
6
2
5
2
2
3
4
5
3
0
5
4
6
3
2
3
4
5
2
3
2
8
5
3
5
1
2
2
4
1
2
5
5
2
1
0
4
4
1
4
3
1
3
4
3
5
1
2
5
8
5
5
4
3
1
1
1
2
3
5
5
3
7
3
3
1
2
3
3
4
1
3
3
5
1
2
2
6
3
2
6
1
Average of Sim 5: 3.22

Poisson Simulation 6:
6
4
4
3
5
3
1
1
5
2
2
2
4
3
2
2
2
5
6
2
1
4
2
0
6
4
4
3
5
1
4
0
4
3
5
4
1
5
4
1
2
3
3
2
8
3
6
3
6
1
3
2
0
2
2
1
4
3
3
2
3
4
3
6
4
0
3
5
3
6
2
4
3
1
3
2
2
3
0
1
5
5
6
1
4
4
5
2
3
2
2
0
4
1
4
3
3
3
1
2
Average of Sim 6: 3.02

Poisson Simulation 7:
2
0
2
6
4
5
4
6
1
2
4
4
5
6
4
4
3
2
3
1
1
3
6
3
1
3
1
1
0
3
4
1
3
5
6
2
4
5
11
6
1
2
0
1
3
2
5
4
1
7
3
4
5
3
4
5
1
3
3
2
7
1
2
1
3
0
2
5
3
1
3
0
1
3
3
2
2
2
4
6
1
0
5
2
3
3
5
2
4
1
4
3
2
6
3
0
4
4
2
3
Average of Sim 7: 3.04

Poisson Simulation 8:
5
4
5
3
4
1
2
3
2
1
2
5
1
5
2
1
2
5
1
3
2
2
2
1
3
6
4
3
4
3
2
7
1
1
3
2
1
5
3
3
3
6
3
2
2
5
2
6
4
4
5
3
3
2
1
6
3
2
1
2
0
6
3
3
8
3
3
3
1
1
3
1
1
3
6
2
1
0
4
2
3
3
5
4
2
3
0
4
1
2
4
1
2
5
3
3
1
4
7
2
Average of Sim 8: 2.93

Poisson Simulation 9:
2
1
1
4
1
6
2
3
3
1
2
4
2
1
5
6
3
3
2
2
1
3
5
3
3
3
3
0
3
2
4
5
1
4
2
1
1
0
0
2
4
2
6
1
3
2
1
6
6
1
5
0
2
4
2
7
3
5
3
2
2
0
2
0
6
2
3
3
3
3
3
4
4
2
3
4
5
3
3
3
5
3
2
4
6
2
3
3
4
1
2
6
4
1
1
1
2
3
4
2
Average of Sim 9: 2.82

Poisson Simulation 10:
3
4
3
4
2
3
1
3
4
5
2
6
5
4
6
5
4
1
2
6
4
2
1
2
4
2
2
0
5
2
2
2
3
4
3
5
2
4
1
6
2
3
2
4
5
3
6
5
1
4
4
3
2
1
7
2
5
4
3
5
4
2
1
0
4
0
6
5
5
2
2
3
2
2
4
3
3
2
3
5
2
4
4
3
4
2
1
1
4
4
4
5
0
2
1
3
3
2
5
3
Average of Sim 10: 3.15

Average of the averages of each Poisson Simulation: 2.979
Standard deviation of the averages of each Poisson Simulation: 0.13034185820372524
Difference between mean value and expected value (3.0): 0.020999999999999908
Binomial Simulation 1:
0
1
0
0
1
1
0
0
0
1
0
1
1
1
1
0
0
0
0
0
0
0
1
0
0
0
0
0
0
2
0
1
1
0
0
1
0
0
0
0
0
0
0
0
0
0
1
1
0
0
0
0
0
0
0
1
0
0
0
1
0
0
0
0
1
0
0
0
0
0
0
0
0
0
0
1
0
0
0
0
0
1
0
1
0
0
0
0
0
0
1
1
1
0
0
1
0
0
1
0
Average of Sim 1: 0.27

Binomial Simulation 2:
0
0
0
0
0
0
0
1
0
1
0
0
1
0
0
0
0
1
0
1
2
0
0
0
0
0
0
1
0
0
0
0
1
0
1
2
0
1
0
0
1
1
0
1
0
0
0
0
0
0
1
0
0
0
0
0
1
1
0
2
3
0
0
1
0
0
0
0
0
0
1
1
0
0
0
1
1
1
0
0
1
1
1
0
1
0
0
0
0
0
0
0
0
1
0
0
1
0
0
2
Average of Sim 2: 0.38

Binomial Simulation 3:
0
1
0
0
0
0
0
2
0
0
1
1
0
0
0
0
0
0
0
2
1
0
0
0
0
0
1
0
0
0
0
1
0
0
0
0
1
0
0
0
0
0
0
0
0
0
0
0
0
1
0
3
0
1
2
0
1
0
0
0
0
0
0
1
1
0
0
0
0
0
0
0
0
0
0
0
0
0
0
1
0
1
0
0
0
0
0
0
0
0
1
0
0
1
1
0
0
0
0
1
Average of Sim 3: 0.27

Binomial Simulation 4:
0
0
1
0
0
1
1
0
1
0
0
0
0
0
0
1
0
0
1
0
1
0
0
0
0
1
1
0
0
0
0
0
0
0
0
1
0
0
0
0
1
0
0
0
0
0
2
0
0
0
0
0
0
0
0
1
0
0
1
1
1
0
0
0
0
0
0
0
0
0
0
0
0
0
0
0
1
2
0
0
0
0
0
0
1
0
0
0
1
0
0
1
1
0
0
1
1
0
1
0
Average of Sim 4: 0.27

Binomial Simulation 5:
0
0
0
0
0
0
0
0
0
0
0
0
0
0
0
0
1
1
1
0
1
0
0
1
0
0
0
0
3
0
2
1
0
0
0
1
0
0
0
0
1
0
0
1
0
0
0
0
0
0
0
1
0
0
0
3
0
0
0
0
0
0
0
2
0
1
0
3
0
1
1
0
0
0
0
0
1
0
1
0
0
0
0
0
1
1
0
0
0
1
1
0
0
1
0
0
0
0
1
0
Average of Sim 5: 0.34

Binomial Simulation 6:
0
1
0
0
0
2
0
0
1
0
0
1
1
0
0
0
0
0
2
0
0
1
0
0
1
0
0
1
2
0
1
0
0
0
0
0
0
0
0
0
1
2
1
0
0
0
0
0
0
0
1
0
0
1
0
0
0
0
2
0
0
0
0
0
0
0
0
1
2
0
0
0
1
0
0
0
0
1
0
0
0
0
1
0
0
1
1
0
0
0
0
0
0
0
0
1
0
0
0
0
Average of Sim 6: 0.31

Binomial Simulation 7:
0
0
0
2
0
1
0
0
0
0
0
0
1
0
0
0
0
0
0
0
0
0
0
0
0
0
1
0
0
0
0
1
0
0
0
0
0
1
0
1
0
0
0
1
1
0
1
0
0
0
0
0
0
1
2
0
0
1
0
0
0
0
0
0
0
0
0
1
0
0
0
0
0
0
1
0
1
0
0
2
0
0
1
0
0
0
1
0
0
1
0
0
0
1
0
0
0
0
0
1
Average of Sim 7: 0.25

Binomial Simulation 8:
0
1
1
0
0
0
1
0
1
0
0
1
0
0
0
0
0
1
0
1
0
0
0
0
1
0
0
0
0
0
1
0
0
0
0
0
0
0
0
0
0
1
0
0
1
0
1
0
2
0
1
0
1
0
1
0
0
0
0
0
0
0
0
0
1
0
0
1
0
0
0
0
0
0
0
0
0
0
1
0
0
0
1
0
0
0
0
0
0
0
0
0
0
1
1
1
0
0
0
0
Average of Sim 8: 0.24

Binomial Simulation 9:
0
0
0
1
0
1
0
0
0
0
0
0
0
0
1
0
0
0
1
0
1
0
1
1
0
0
0
0
0
0
0
0
0
0
0
0
0
0
0
0
0
0
2
0
0
2
1
0
3
0
0
0
0
0
1
0
1
0
0
0
0
0
0
0
1
0
1
0
0
0
0
1
0
0
1
1
1
1
0
0
0
0
0
1
1
0
0
0
0
0
0
0
0
0
0
0
0
1
0
0
Average of Sim 9: 0.27

Binomial Simulation 10:
0
0
0
0
1
0
0
0
0
1
0
0
2
1
1
1
0
0
1
0
0
0
0
0
0
0
0
0
0
0
0
1
0
1
1
0
0
1
0
0
0
0
0
0
0
0
0
0
0
0
0
1
0
0
2
0
0
0
0
1
0
0
0
0
1
0
0
0
0
0
0
0
0
0
0
0
0
0
0
2
0
0
0
0
0
0
0
0
0
0
0
0
0
0
0
1
0
1
1
1
Average of Sim 10: 0.23

Average of the averages of each Binomial Simulation: 0.28300000000000003
Standard deviation of the averages of each Binomial Simulation: 0.04450842616853577
Difference between mean value and expected value (0.3): 0.01699999999999996
